<!-- Generated by pkgdown: do not edit by hand -->
<!DOCTYPE html>
<html lang="en">
  <head>
  <meta charset="utf-8">
<meta http-equiv="X-UA-Compatible" content="IE=edge">
<meta name="viewport" content="width=device-width, initial-scale=1.0">

<title>Create multivariate (correlated) data - for general distributions — addCorFlex • simstudy</title>


<!-- jquery -->
<script src="https://cdnjs.cloudflare.com/ajax/libs/jquery/3.4.1/jquery.min.js" integrity="sha256-CSXorXvZcTkaix6Yvo6HppcZGetbYMGWSFlBw8HfCJo=" crossorigin="anonymous"></script>
<!-- Bootstrap -->

<link rel="stylesheet" href="https://cdnjs.cloudflare.com/ajax/libs/twitter-bootstrap/3.4.1/css/bootstrap.min.css" integrity="sha256-bZLfwXAP04zRMK2BjiO8iu9pf4FbLqX6zitd+tIvLhE=" crossorigin="anonymous" />

<script src="https://cdnjs.cloudflare.com/ajax/libs/twitter-bootstrap/3.4.1/js/bootstrap.min.js" integrity="sha256-nuL8/2cJ5NDSSwnKD8VqreErSWHtnEP9E7AySL+1ev4=" crossorigin="anonymous"></script>

<!-- bootstrap-toc -->
<link rel="stylesheet" href="../bootstrap-toc.css">
<script src="../bootstrap-toc.js"></script>

<!-- Font Awesome icons -->
<link rel="stylesheet" href="https://cdnjs.cloudflare.com/ajax/libs/font-awesome/5.12.1/css/all.min.css" integrity="sha256-mmgLkCYLUQbXn0B1SRqzHar6dCnv9oZFPEC1g1cwlkk=" crossorigin="anonymous" />
<link rel="stylesheet" href="https://cdnjs.cloudflare.com/ajax/libs/font-awesome/5.12.1/css/v4-shims.min.css" integrity="sha256-wZjR52fzng1pJHwx4aV2AO3yyTOXrcDW7jBpJtTwVxw=" crossorigin="anonymous" />

<!-- clipboard.js -->
<script src="https://cdnjs.cloudflare.com/ajax/libs/clipboard.js/2.0.6/clipboard.min.js" integrity="sha256-inc5kl9MA1hkeYUt+EC3BhlIgyp/2jDIyBLS6k3UxPI=" crossorigin="anonymous"></script>

<!-- headroom.js -->
<script src="https://cdnjs.cloudflare.com/ajax/libs/headroom/0.11.0/headroom.min.js" integrity="sha256-AsUX4SJE1+yuDu5+mAVzJbuYNPHj/WroHuZ8Ir/CkE0=" crossorigin="anonymous"></script>
<script src="https://cdnjs.cloudflare.com/ajax/libs/headroom/0.11.0/jQuery.headroom.min.js" integrity="sha256-ZX/yNShbjqsohH1k95liqY9Gd8uOiE1S4vZc+9KQ1K4=" crossorigin="anonymous"></script>

<!-- pkgdown -->
<link href="../pkgdown.css" rel="stylesheet">
<script src="../pkgdown.js"></script>




<meta property="og:title" content="Create multivariate (correlated) data - for general distributions — addCorFlex" />
<meta property="og:description" content="Create multivariate (correlated) data - for general distributions" />




<!-- mathjax -->
<script src="https://cdnjs.cloudflare.com/ajax/libs/mathjax/2.7.5/MathJax.js" integrity="sha256-nvJJv9wWKEm88qvoQl9ekL2J+k/RWIsaSScxxlsrv8k=" crossorigin="anonymous"></script>
<script src="https://cdnjs.cloudflare.com/ajax/libs/mathjax/2.7.5/config/TeX-AMS-MML_HTMLorMML.js" integrity="sha256-84DKXVJXs0/F8OTMzX4UR909+jtl4G7SPypPavF+GfA=" crossorigin="anonymous"></script>

<!--[if lt IE 9]>
<script src="https://oss.maxcdn.com/html5shiv/3.7.3/html5shiv.min.js"></script>
<script src="https://oss.maxcdn.com/respond/1.4.2/respond.min.js"></script>
<![endif]-->



  </head>

  <body data-spy="scroll" data-target="#toc">
    <div class="container template-reference-topic">
      <header>
      <div class="navbar navbar-default navbar-fixed-top" role="navigation">
  <div class="container">
    <div class="navbar-header">
      <button type="button" class="navbar-toggle collapsed" data-toggle="collapse" data-target="#navbar" aria-expanded="false">
        <span class="sr-only">Toggle navigation</span>
        <span class="icon-bar"></span>
        <span class="icon-bar"></span>
        <span class="icon-bar"></span>
      </button>
      <span class="navbar-brand">
        <a class="navbar-link" href="../index.html">simstudy</a>
        <span class="version label label-default" data-toggle="tooltip" data-placement="bottom" title="Released version">0.1.16</span>
      </span>
    </div>

    <div id="navbar" class="navbar-collapse collapse">
      <ul class="nav navbar-nav">
        <li>
  <a href="../index.html">
    <span class="fas fa fas fa-home fa-lg"></span>
     
  </a>
</li>
<li>
  <a href="../articles/simstudy.html">Get started</a>
</li>
<li>
  <a href="../reference/index.html">Reference</a>
</li>
<li>
  <a href="../news/index.html">Changelog</a>
</li>
      </ul>
      <ul class="nav navbar-nav navbar-right">
        <li>
  <a href="https://github.com/kgoldfeld/simstudy/">
    <span class="fab fa fab fa-github fa-lg"></span>
     
  </a>
</li>
      </ul>
      
    </div><!--/.nav-collapse -->
  </div><!--/.container -->
</div><!--/.navbar -->

      

      </header>

<div class="row">
  <div class="col-md-9 contents">
    <div class="page-header">
    <h1>Create multivariate (correlated) data - for general distributions</h1>
    <small class="dont-index">Source: <a href='https://github.com/kgoldfeld/simstudy/blob/master/R/addCorFlex.R'><code>R/addCorFlex.R</code></a></small>
    <div class="hidden name"><code>addCorFlex.Rd</code></div>
    </div>

    <div class="ref-description">
    <p>Create multivariate (correlated) data - for general distributions</p>
    </div>

    <pre class="usage"><span class='fu'>addCorFlex</span>(<span class='kw'>dt</span>, <span class='kw'>defs</span>, rho = <span class='fl'>0</span>, tau = <span class='kw'>NULL</span>, corstr = <span class='st'>"cs"</span>, corMatrix = <span class='kw'>NULL</span>)</pre>

    <h2 class="hasAnchor" id="arguments"><a class="anchor" href="#arguments"></a>Arguments</h2>
    <table class="ref-arguments">
    <colgroup><col class="name" /><col class="desc" /></colgroup>
    <tr>
      <th>dt</th>
      <td><p>Data table that will be updated.</p></td>
    </tr>
    <tr>
      <th>defs</th>
      <td><p>Field definition table created by function `defDataAdd`.</p></td>
    </tr>
    <tr>
      <th>rho</th>
      <td><p>Correlation coefficient, -1 &lt;= rho &lt;= 1. Use if corMatrix is not provided.</p></td>
    </tr>
    <tr>
      <th>tau</th>
      <td><p>Correlation based on Kendall's tau. If tau is specified, then it is
used as the correlation even if rho is specified. If tau is NULL, then the specified
value of rho is used, or rho defaults to 0.</p></td>
    </tr>
    <tr>
      <th>corstr</th>
      <td><p>Correlation structure of the variance-covariance matrix
defined by sigma and rho. Options include "cs" for a compound symmetry structure
and "ar1" for an autoregressive structure. Defaults to "cs".</p></td>
    </tr>
    <tr>
      <th>corMatrix</th>
      <td><p>Correlation matrix can be entered directly. It must be symmetrical and
positive semi-definite. It is not a required field; if a matrix is not provided, then a
structure and correlation coefficient rho must be specified.</p></td>
    </tr>
    </table>

    <h2 class="hasAnchor" id="value"><a class="anchor" href="#value"></a>Value</h2>

    <p>data.table with added column(s) of correlated data</p>

    <h2 class="hasAnchor" id="examples"><a class="anchor" href="#examples"></a>Examples</h2>
    <pre class="examples"><div class='input'><span class='kw'>defC</span> <span class='op'>&lt;-</span> <span class='fu'><a href='defData.html'>defData</a></span>(varname = <span class='st'>"nInds"</span>, formula = <span class='fl'>50</span>, dist = <span class='st'>"noZeroPoisson"</span>, id = <span class='st'>"idClust"</span>)

<span class='kw'>dc</span> <span class='op'>&lt;-</span> <span class='fu'><a href='genData.html'>genData</a></span>(<span class='fl'>10</span>, <span class='kw'>defC</span>)
<span class='co'>#### Normal only</span>

<span class='kw'>dc</span> <span class='op'>&lt;-</span> <span class='fu'><a href='addCorData.html'>addCorData</a></span>(<span class='kw'>dc</span>, mu = <span class='fu'><a href='https://rdrr.io/r/base/c.html'>c</a></span>(<span class='fl'>0</span>,<span class='fl'>0</span>,<span class='fl'>0</span>,<span class='fl'>0</span>), sigma = <span class='fu'><a href='https://rdrr.io/r/base/c.html'>c</a></span>(<span class='fl'>2</span>, <span class='fl'>2</span>, <span class='fl'>2</span>, <span class='fl'>2</span>), rho = <span class='fl'>.2</span>,
                 corstr = <span class='st'>"cs"</span>, cnames = <span class='fu'><a href='https://rdrr.io/r/base/c.html'>c</a></span>(<span class='st'>"a"</span>,<span class='st'>"b"</span>,<span class='st'>"c"</span>,<span class='st'>"d"</span>), idname = <span class='st'>"idClust"</span>)

<span class='kw'>di</span> <span class='op'>&lt;-</span> <span class='fu'><a href='genCluster.html'>genCluster</a></span>(<span class='kw'>dc</span>, <span class='st'>"idClust"</span>, <span class='st'>"nInds"</span>, <span class='st'>"id"</span>)

<span class='kw'>defI</span> <span class='op'>&lt;-</span> <span class='fu'><a href='defDataAdd.html'>defDataAdd</a></span>(varname = <span class='st'>"A"</span>, formula = <span class='st'>"-1 + a"</span>, variance = <span class='fl'>3</span>,
                   dist = <span class='st'>"normal"</span>)
<span class='kw'>defI</span> <span class='op'>&lt;-</span> <span class='fu'><a href='defDataAdd.html'>defDataAdd</a></span>(<span class='kw'>defI</span>, varname = <span class='st'>"B"</span>, formula = <span class='st'>"4.5 + b"</span>, variance = <span class='fl'>.5</span>,
                   dist = <span class='st'>"normal"</span>)
<span class='kw'>defI</span> <span class='op'>&lt;-</span> <span class='fu'><a href='defDataAdd.html'>defDataAdd</a></span>(<span class='kw'>defI</span>, varname = <span class='st'>"C"</span>, formula = <span class='st'>"5*c"</span>, variance = <span class='fl'>3</span>,
                   dist = <span class='st'>"normal"</span>)
<span class='kw'>defI</span> <span class='op'>&lt;-</span> <span class='fu'><a href='defDataAdd.html'>defDataAdd</a></span>(<span class='kw'>defI</span>, varname = <span class='st'>"D"</span>, formula = <span class='st'>"1.6 + d"</span>, variance = <span class='fl'>1</span>,
                   dist = <span class='st'>"normal"</span>)

<span class='co'>#### Generate new data</span>

<span class='kw'>di</span> <span class='op'>&lt;-</span> <span class='fu'>addCorFlex</span>(<span class='kw'>di</span>, <span class='kw'>defI</span>, rho = <span class='fl'>0.4</span>, corstr = <span class='st'>"cs"</span>)

<span class='co'># Check correlations by cluster</span>

<span class='co'>for</span> (<span class='kw'>i</span> <span class='co'>in</span> <span class='fl'>1</span><span class='op'>:</span><span class='fu'><a href='https://rdrr.io/r/base/nrow.html'>nrow</a></span>(<span class='kw'>dc</span>)) {
  <span class='fu'><a href='https://rdrr.io/r/base/print.html'>print</a></span>(<span class='fu'><a href='https://rdrr.io/r/stats/cor.html'>cor</a></span>(<span class='kw'>di</span>[<span class='kw'>idClust</span> <span class='op'>==</span> <span class='kw'>i</span>, <span class='fu'><a href='https://rdrr.io/r/base/list.html'>list</a></span>(<span class='kw'>A</span>, <span class='kw'>B</span>, <span class='kw'>C</span>, <span class='kw'>D</span>)]))
}
</div><div class='output co'>#&gt;           A         B         C         D
#&gt; A 1.0000000 0.3062024 0.4470299 0.3869610
#&gt; B 0.3062024 1.0000000 0.3060284 0.4224323
#&gt; C 0.4470299 0.3060284 1.0000000 0.6152698
#&gt; D 0.3869610 0.4224323 0.6152698 1.0000000
#&gt;           A         B         C         D
#&gt; A 1.0000000 0.4502677 0.4758974 0.2090688
#&gt; B 0.4502677 1.0000000 0.6720441 0.3670891
#&gt; C 0.4758974 0.6720441 1.0000000 0.3709190
#&gt; D 0.2090688 0.3670891 0.3709190 1.0000000
#&gt;           A         B         C         D
#&gt; A 1.0000000 0.3151178 0.2666300 0.2319625
#&gt; B 0.3151178 1.0000000 0.3670170 0.3673458
#&gt; C 0.2666300 0.3670170 1.0000000 0.3757361
#&gt; D 0.2319625 0.3673458 0.3757361 1.0000000
#&gt;           A         B         C         D
#&gt; A 1.0000000 0.4702654 0.4228648 0.4269063
#&gt; B 0.4702654 1.0000000 0.6511097 0.4654823
#&gt; C 0.4228648 0.6511097 1.0000000 0.5140927
#&gt; D 0.4269063 0.4654823 0.5140927 1.0000000
#&gt;           A         B         C         D
#&gt; A 1.0000000 0.3025460 0.3653579 0.2985908
#&gt; B 0.3025460 1.0000000 0.3719276 0.2709871
#&gt; C 0.3653579 0.3719276 1.0000000 0.4309840
#&gt; D 0.2985908 0.2709871 0.4309840 1.0000000
#&gt;           A         B         C         D
#&gt; A 1.0000000 0.4164247 0.3527294 0.1922481
#&gt; B 0.4164247 1.0000000 0.5163798 0.4001157
#&gt; C 0.3527294 0.5163798 1.0000000 0.3981343
#&gt; D 0.1922481 0.4001157 0.3981343 1.0000000
#&gt;           A         B         C         D
#&gt; A 1.0000000 0.5267601 0.4256210 0.4790293
#&gt; B 0.5267601 1.0000000 0.4849352 0.4944706
#&gt; C 0.4256210 0.4849352 1.0000000 0.3851054
#&gt; D 0.4790293 0.4944706 0.3851054 1.0000000
#&gt;           A         B         C         D
#&gt; A 1.0000000 0.2726211 0.2500102 0.3504211
#&gt; B 0.2726211 1.0000000 0.3343043 0.3675255
#&gt; C 0.2500102 0.3343043 1.0000000 0.4198390
#&gt; D 0.3504211 0.3675255 0.4198390 1.0000000
#&gt;           A         B         C         D
#&gt; A 1.0000000 0.3400145 0.2629416 0.3527861
#&gt; B 0.3400145 1.0000000 0.4845887 0.3238015
#&gt; C 0.2629416 0.4845887 1.0000000 0.4974922
#&gt; D 0.3527861 0.3238015 0.4974922 1.0000000
#&gt;           A         B         C         D
#&gt; A 1.0000000 0.3139947 0.5068051 0.4542754
#&gt; B 0.3139947 1.0000000 0.5209270 0.3794740
#&gt; C 0.5068051 0.5209270 1.0000000 0.4710229
#&gt; D 0.4542754 0.3794740 0.4710229 1.0000000</div><div class='input'>
<span class='co'># Check global correlations - should not be as correlated</span>
<span class='fu'><a href='https://rdrr.io/r/stats/cor.html'>cor</a></span>(<span class='kw'>di</span>[, <span class='fu'><a href='https://rdrr.io/r/base/list.html'>list</a></span>(<span class='kw'>A</span>, <span class='kw'>B</span>, <span class='kw'>C</span>, <span class='kw'>D</span>)])
</div><div class='output co'>#&gt;           A          B         C          D
#&gt; A 1.0000000 0.51793243 0.4445728 0.38325573
#&gt; B 0.5179324 1.00000000 0.1232242 0.09727062
#&gt; C 0.4445728 0.12322415 1.0000000 0.70672855
#&gt; D 0.3832557 0.09727062 0.7067286 1.00000000</div></pre>
  </div>
  <div class="col-md-3 hidden-xs hidden-sm" id="pkgdown-sidebar">
    <nav id="toc" data-toggle="toc" class="sticky-top">
      <h2 data-toc-skip>Contents</h2>
    </nav>
  </div>
</div>


      <footer>
      <div class="copyright">
  <p>Developed by Keith Goldfeld.</p>
</div>

<div class="pkgdown">
  <p>Site built with <a href="https://pkgdown.r-lib.org/">pkgdown</a> 1.6.1.</p>
</div>

      </footer>
   </div>

  


  </body>
</html>


